Surface Temperature = 3794.8714590341042
Central Density = 74237.74616514979
Radius = 562477594.72664583
Mass = 0.70906952065099615
Luminosity = 4.6751081103682353e+25
