Surface Temperature = 41885.07369835327
Central Density = 1236.6764499273922
Radius = 4931677149.4636106
Mass = 34.958538040052098
Luminosity = 5.3335863972148263e+31
